30328527
30323244
30319593
30318626
30314480
30303452
30301323
30299461
30298450
30294912
30292807
30290081
30289201
30276572
30267817
30267565
30266731
30265212
30265182
30257416
30248451
30240632
30238672
30237128
30232535
30230051
30215129
30212856
30204861
30197866
30197862
30196441
30187100
30185617
30181586
30172077
30171681
30140765
30138729
30136206
30136100
30134149
30122147
30121871
30121197
30117034
30116233
30115321
30110937
30109394
30107160
30099994
30098414
30095033
30094875
30092809
30091403
30076532
30076532
30076522
30071250
30060662
30058308
30054355
30052876
30052876
30043608
30042370
30042002
30037547
30037547
30033019
30030115
30028664
30023876
30022651
30022461
30021012
30021008
30019641
30019152
30016686
30016537
30010892
30009957
30005638
30003414
29991963
29985753
29983744
29981447
29978322
29976927
29976402
29969787
29964118
29958061
29951705
29948211
29948210
29948115
29943546
29938332
29931209
29909010
29898257
29893079
29892842
29886311
29883846
29873028
29872953
29872153
29869771
29863868
29859669
29859082
29858140
29853932
29843427
29842954
29842954
29802190
29795702
29795003
29789883
29789617
29786518
29785669
29785668
29775713
29761345
29753122
29753122
29751659
29751008
29750118
29746976
29746976
29740799
29738808
29738690
29733846
29728383
29726954
29719566
29718186
29718186
29709539
29709079
29709079
29708737
29707810
29705959
29705163
29704823
29704654
29701035
29698128
29695661
29695661
29689305
29689305
29685352
29684124
29684124
29681022
29680898
29679482
29679312
29678793
29678789
29678737
29678737
29678725
29678499
29675800
29660471
29651700
29651700
29648454
29642729
29642729
29637708
29637708
29633336
29633336
29627478
29625371
29611040
29609030
29602390
29601964
29601964
29596989
29596989
29595107
29577692
29572144
29566690
29564574
29561226
29551715
29551512
29549004
29539608
29535210
29533745
29532900
29531194
29531194
29524591
29518537
29518405
29511294
29510740
29506820
29499778
29496514
29491860
29484646
29481569
29476400
29474823
29472555
29471820
29470994
29470644
29470644
29464559
29462904
29456820
29455388
29454668
29454668
29452270
29452270
29449883
29447393
29447393
29447227
29440674
29436484
29435688
29433911
29433911
29428611
29424142
29421585
29421032
29420618
29417085
29414798
29408812
29408294
29405500
29404909
29404909
29397936
29395519
29395519
29391515
29388077
29388077
29388039
29388039
29382578
29382578
29380579
29380579
29380572
29380572
29367852
29367852
29366323
29366323
29362428
29362428
29357283
29357283
29348479
29348479
29339156
29339156
29339117
29339117
29339067
29339067
29331410
29331410
29330186
29329863
29329863
29328676
29323105
29322649
29321810
29312257
29311294
29310860
29309412
29306152
29305978
29305697
29305333
29303996
29287411
29287411
29280481
29278743
29278743
29277924
29277924
29277062
29277062
29271960
29271179
29269936
29264861
29260977
29259722
29258964
29258515
29253895
29246839
29246663
29246516
29246516
29235217
29230578
29228039
29225283
29221829
29221460
29221124
29218513
29205864
29204897
29203348
29203135
29202831
29202523
29197821
29185908
29184548
29183915
29183794
29183794
29181978
29177623
29176680
29174720
29174359
29172777
29165792
29164392
29163605
29162543
29160039
29157907
29151220
29150773
29150773
29150665
29146968
29146450
29146448
29142591
29138907
29131473
29129652
29129630
29127292
29126399
29125227
29125227
29121496
29116156
29115562
29113894
29109421
29108944
29108628
29097200
29096433
29092019
29091307
29090627
29086489
29075828
29075260
29061733
29061519
29051046
29046263
29046263
29042637
29038760
29037759
29027044
29019030
29017435
29017237
28981776
28981536
28980463
28967960
28962132
28955309
28950907
28950808
28949531
28946098
28946098
28945798
28942744
28942744
28935900
28934418
28933630
28933241
28932264
28931852
28923727
28921896
28921439
28921432
28921426
28919928
28914342
28912429
28903770
28903187
28900685
28898745
28895360
28894268
28893606
28884522
28884522
28884022
28876040
28876033
28876030
28869737
28868218
28866857
28866857
28865117
28861059
28852892
28847577
28843264
28842215
28842215
28840657
28837089
28836017
28836017
28827052
28827052
28825809
28823701
28823701
28823701
28811204
28811204
28811204
28807840
28807840
28807829
28807724
28807724
28807601
28800907
28800907
28800907
28797224
28786662
28786662
28786662
28786662
28778886
28778886
28778886
28778886
28778886
28776697
28776697
28776697
28776697
28776697
28776697
28771492
28764098
28764098
28764098
28764098
28764098
28764098
28764098
28764073
28764073
28764073
28764073
28764073
28764073
28764073
28764073
28764073
28763110
28762562
28762562
28761999
28761999
28760369
28760369
28760369
28760369
28760369
28760369
28760369
28760369
28760369
28759578
28756198
28756198
28756198
28756198
28756198
28756198
28756198
28756198
28756198
28756198
28752758
28751274
28751274
28751274
28751274
28751274
28751274
28751274
28751274
28751274
28750657
28748636
28743658
28743658
28743658
28743658
28743658
28743658
28743658
28743658
28743658
28743658
28743631
28735872
28732724
28732724
28732724
28732724
28732724
28732724
28732724
28732724
28732724
28732724
28731268
28726211
28726206
28717232
28715469
28711732
28711732
28711732
28711732
28711732
28711732
28711732
28711732
28711732
28709863
28708895
28701466
28694218
28693992
28693992
28693992
28693992
28693992
28693992
28693992
28693992
28693992
28693992
28693509
28691762
28691262
28691262
28691262
28691262
28691262
28691262
28691262
28691262
28691262
28688204
28679557
28674832
28674832
28674832
28674832
28674832
28674832
28674832
28674832
28674832
28674832
28673841
28673841
28673841
28673841
28673841
28673841
28673841
28673841
28673841
28673841
28666820
28664421
28662722
28660757
28660369
28660369
28656630
28651974
28651356
28650069
28641563
28638135
28637873
28633643
28632332
28623735
28622854
28619526
28613409
28611759
28608761
28608428
28606662
28603806
28602730
28602686
28602686
28602686
28602686
28602686
28602686
28602686
28602686
28602686
28602686
28596765
28595601
28591592
28591592
28591592
28591592
28591592
28591592
28591592
28591592
28591592
28591592
28585494
28583876
28581703
28573852
28573450
28573450
28559926
28554521
28554521
28554521
28554521
28554521
28554521
28554521
28554521
28554521
28554521
28554383
28551309
28546903
28534062
28528790
28526747
28526017
28523913
28523730
28515785
28513915
28512458
28512317
28508385
28508385
28508385
28508385
28508385
28508385
28508385
28508385
28508385
28508385
28503710
28500590
28500590
28500590
28500590
28500590
28500590
28500590
28500590
28500590
28500590
28495510
28490329
28484256
28482284
28477154
28475182
28473830
28470625
28468662
28465064
28462721
28456726
28455764
28454288
28450727
28440223
28428022
28425268
28423625
28421142
28419821
28416076
28412353
28411891
28409469
28399696
28399696
28399159
28389915
28389350
28386988
28382032
28376863
28376654
28373044
28373044
28373044
28373044
28373044
28373044
28373044
28373044
28373044
28373044
28357784
28357784
28357784
28357784
28357784
28357784
28357784
28357784
28357784
28357784
28353181
28342968
28342171
28342171
28342171
28342171
28342171
28342171
28342171
28342171
28342171
28342171
28341111
28334329
28334164
28330196
28328103
28328103
28323169
28315397
28315210
28306193
28302114
28300184
28299731
28297751
28295011
28293387
28285179
28285179
28283578
28281229
28281229
28279171
28278252
28278244
28278062
28271709
28258406
28254341
28252957
28248099
28245812
28237678
28237678
28237113
28233669
28231778
28230321
28229435
28229435
28229435
28229435
28229435
28229435
28229435
28229435
28229435
28229435
28229206
28222737
28218973
28209146
28201611
28195395
28195395
28193329
28193216
28189633
28187141
28177316
28173691
28161122
28160205
28159727
28159727
28159612
28153694
28150747
28130769
28130769
28130631
28127815
28125612
28120440
28114298
28110666
28105485
28101807
28101787
28101787
28101506
28088197
28086806
28078396
28067041
28039507
28036287
28035480
28032192
28013188
28012703
28010776
28010766
28007217
27999090
27998673
27989634
27984193
27984193
27973777
27958335
27940286
27936065
27927205
27924363
27914120
27913218
27907132
27905091
27897254
27890597
27876784
27871374
27868164
27867835
27860461
27858135
27854040
27854040
27847501
27844110
27844110
27842609
27842546
27836942
27834878
27832973
27826720
27825486
27821688
27813720
27813720
27813714
27813714
27810255
27796570
27796570
27789260
27789260
27777618
27773606
27773606
27769297
27768776
27768271
27764204
27746351
27742254
27737617
27737617
27731384
27723474
27716291
27716225
27702490
27698732
27697488
27696999
27695087
27693624
27693624
27693490
27689686
27689686
27681084
27677124
27660653
27659054
27657843
27651277
27651221
27650603
27648762
27640008
27634467
27628336
27624940
27622546
27620892
27620466
27613154
27600355
27592049
27592049
27590806
27587300
27587300
27579308
27577237
27572239
27572239
27568390
27566510
27560160
27551866
27548309
27546548
27546452
27546451
27542751
27542745
27542616
27539551
27537181
27535143
27532278
27527131
27524649
27524649
27524240
27523740
27519409
27517939
27515826
27515025
27514666
27510979
27510979
27507710
27507710
27506960
27506960
27504454
27503553
27502835
27499219
27498036
27497317
27495311
27493644
27486859
27485811
27483370
27474238
27474238
27470581
27470089
27469300
27465853
27458710
27458431
27456029
27449385
27446236
27444547
27444324
27444324
27443817
27443817
27443817
27432885
27432633
27427953
27425027
27425027
27411547
27403891
27400964
27399001
27394727
27394727
27391702
27389469
27388471
27379142
27378276
27376352
27373489
27373489
27372007
27370777
27353494
27347763
27347763
27345605
27345605
27345605
27339187
27339187
27339042
27338576
27335624
27329666
27322658
27316830
27315772
27313058
27303445
27301987
27301568
27294912
27287536
27287536
27286861
27279990
27271847
27270933
27267127
27266248
27266247
27262307
27256707
27251605
27251547
27251547
27251218
27251178
27246656
27246002
27246002
27240671
27235731
27235731
27233122
27225034
27222438
27213015
27211507
27208115
27206580
27199949
27193267
27193267
27189360
27188716
27183011
27183011
27183011
27177947
27176489
27176489
27173527
27173527
27165163
27164218
27159322
27159322
27159322
27154901
27154222
27150107
27147444
27147444
27146133
27143634
27143634
27138226
27133916
27133916
27130210
27129458
27129458
27123855
27104652
27104652
27095174
27090387
27090387
27088434
27088434
27085890
27084056
27084056
27081399
27079175
27076316
27074597
27070210
27070210
27066499
27060009
27058511
27058511
27055587
27049862
27043037
27041071
27040529
27033608
27031513
27020289
27020281
27020281
27018228
27018228
27015975
27015975
27009445
27004812
27004812
27003824
27001653
27001653
26996966
26995767
26995767
26994771
26993255
26992795
26990592
26983398
26975477
26974970
26971961
26971961
26969039
26965950
26965950
26961750
26940828
26934832
26923560
26923128
26923060
26920486
26919469
26917684
26917245
26917245
26907263
26906444
26906444
26905908
26905301
26903010
26903010
26902108
26898926
26898115
26897180
26896631
26896178
26894386
26892536
26888166
26883686
26883349
26883295
26880068
26873705
26870311
26868890
26867601
26861732
26861732
26858983
26857608
26856407
26856407
26854410
26854372
26850284
26849882
26848939
26848939
26847361
26844868
26840178
26839079
26839079
26835836
26835592
26830095
26830094
26828066
26826316
26814674
26814674
26814048
26812499
26811814
26809818
26808559
26805881
26803505
26797104
26790977
26790417
26784164
26783260
26782924
26782589
26782489
26778648
26778648
26778222
26777250
26776003
26776003
26773956
26772961
26772798
26769705
26769705
26769090
26767372
26763148
26758714
26758064
26755723
26751891
26750758
26748930
26741537
26717484
26714301
26707805
26706067
26704939
26704939
26701617
26701310
26701065
26699751
26698316
26694961
26694961
26691339
26690659
26686608
26678161
26678079
26678079
26675137
26672457
26664594
26663080
26646387
26644466
26643963
26637601
26633374
26631635
26627685
26626736
26626450
26626450
26617287
26616977
26616977
26616098
26615749
26611612
26611612
26611611
26603318
26603318
26597709
26597529
26596358
26592804
26592304
26586612
26585331
26584510
26580446
26578250
26573637
26572161
26569231
26564473
26552922
26539173
26539044
26530984
26527274
26526353
26526353
26525402
26522624
26522143
26522143
26521250
26518347
26513365
26510006
26506591
26506568
26500628
26500192
26498023
26497303
26497303
26494559
26492990
26480251
26480251
26479855
26479855
26479167
26476646
26475366
26471510
26470649
26467715
26463371
26452496
26446826
26441930
26441929
26440996
26435147
26433969
26433794
26431799
26425545
26419902
26412049
26410558
26410223
26409485
26409485
26408341
26404462
26404235
26401520
26400155
26398701
26394265
26373723
26370794
26363113
26361980
26361980
26360701
26357598
26347503
26343133
26336893
26336893
26334882
26329850
26323290
26320711
26310666
26306636
26306528
26303874
26299646
26298017
26289300
26285758
26284701
26284241
26282562
26281976
26278529
26277746
26277552
26277192
26275462
26272349
26272349
26266754
26265428
26265428
26264930
26264916
26256061
26254041
26248029
26246150
26243173
26239010
26234435
26227411
26227111
26224514
26204408
26202492
26202000
26198121
26197418
26192358
26192309
26177915
26177095
26173955
26171389
26169367
26166416
26166179
26160109
26156850
26144864
26144240
26143399
26138401
26134129
26123289
26120362
26118809
26118808
26118699
26118314
26117259
26113537
26105827
26099236
26093604
26093466
26092790
26091839
26091305
26090583
26090426
26090417
26088174
26088173
26087712
26084663
26083692
26083446
26082394
26080001
26079393
26076363
26075873
26071627
26062535
26058745
26058539
26058532
26057795
26055896
26055071
26054637
26053048
26050110
26048470
26047916
26047913
26044883
26042103
26041232
26032261
26031396
26027890
26027787
26025401
26025061
26022422
26018451
26015261
26013734
26013444
26012857
26005003
26002501
26002499
25994576
25994332
25979480
25976629
25971966
25969986
25967034
25966977
25962741
25959497
25959497
25958791
25957161
25946365
25939548
25937452
25936280
25934645
25931394
25916496
25915453
25913888
25912946
25907330
25903382
25865297
25847836
25837439
25825077
25820068
25808979
25759169
25752204
25749773
25746591
25740604
25736485
25735855
25712153
25709086
25703052
25687104
25663099
25661816
25658849
25655077
25641071
25639796
25636980
25620367
25588556
25569244
25546846
25504265
25449660
25357101
25231012
24673401



















































































































































