31324634
31316491
31309388
31301394
31299254
31293904
31286180
31280019
31279080
31278483
31269943
31267215
31262446
31258535
31257006
31254227
31253266
31244795
31242449
31239505
31238127
31237681
31235414
31226255
31223000
31208387
31202796
31196789
31195158
31187974
31187608
31187591
31186110
31181254
31169457
31169323
31161379
31148217
31136795
31134444
31134410
31131547
31131001
31130335
31129216
31126423
31121232
31117893
31110561
31108822
31108209
31100401
31093663
31081177
31077812
31077694
31073913
31067833
31066190
31059050
31054382
31054084
31039402
31034902
31030849
31029631
31028761
31025073
31024485
31024323
31009474
31007124
31006466
31001949
31001948
30997308
30995541
30995456
30994343
30990115
30989410
30988259
30987516
30984756
30982213
30981775
30978447
30974220
30972956
30972471
30959056
30958998
30953724
30950832
30936561
30934110
30929565
30921567
30913532
30913432
30913245
30912856
30912350
30911187
30910675
30903803
30885325
30885320
30879221
30872133
30868593
30848360
30831517
30827000
30816014
30807133
30805909
30783720
30776176
30762074
30756442
30712270
30711625
30711353
30706417
30703426
30699241
30680438
30673842
30659933
30658748
30599198
30529567
30350447
29496514